%YAML:1.0
image_width: 640
image_height: 480
camera_name: depth
camera_matrix: !!opencv-matrix
  rows: 3
  cols: 3
  dt: d
  data: [578.852799192617, 0., 316.003688477099, 0., 574.608347232532, 246.041146276871, 0., 0., 1]
distortion_model: plumb_bob
distortion_coefficients: !!opencv-matrix
  rows: 1
  cols: 5
  dt: d
  data: [-0.0254191085871737, 0.000217207380690404, -0.000929267016847252, 0.000197345592394994, 0.]
rectification_matrix: !!opencv-matrix
  rows: 3
  cols: 3
  dt: d
  data: [1, 0, 0, 0, 1, 0, 0, 0, 1]
projection_matrix: !!opencv-matrix
  rows: 3
  cols: 4
  dt: d
  data: [573.41162109375, 0, 315.553713880334, 0, 0, 570.878601074219, 245.299279804522, 0, 0, 0, 1, 0]