%YAML:1.0
ir2rgb: !!opencv-matrix
   rows: 3
   cols: 4
   dt: d
   data: [ 9.9996455464580047e-01, -3.8543662740507505e-03,
       -7.4855402377836736e-03, -2.6010023400690397e+01,
       3.8172756389720274e-03, 9.9998039855718457e-01,
       -4.9629535672246700e-03, -5.3322955648595599e-02,
       7.5045225512439511e-03, 4.9342032831833664e-03,
       9.9995966707624673e-01, 5.6801588171326900e-01 ]
