%YAML:1.0
image_width: 640
image_height: 480
camera_name: depth
camera_matrix: !!opencv-matrix
  rows: 3
  cols: 3
  dt: d
  data: [570.3422241210938, 0.0, 314.5, 0.0, 570.3422241210938, 235.5, 0.0, 0.0, 1.0]
distortion_model: plumb_bob
distortion_coefficients: !!opencv-matrix
  rows: 1
  cols: 5
  dt: d
  data: [0.0, 0.0, 0.0, 0.0, 0.0]
rectification_matrix: !!opencv-matrix
  rows: 3
  cols: 3
  dt: d
  data: [1, 0, 0, 0, 1, 0, 0, 0, 1]
projection_matrix: !!opencv-matrix
  rows: 3
  cols: 4
  dt: d
  data: [570.3422241210938, 0.0, 314.5, 0.0, 0.0, 570.3422241210938, 235.5, 0.0, 0.0, 0.0, 1.0, 0.0]