%YAML:1.0
ir2rgb: !!opencv-matrix
   rows: 3
   cols: 4
   dt: d
   data: [ 1.0, 0.0, 0.0, -20.0,
           0.0, 1.0, 0.0, 0.0,
           0.0, 0.0, 1.0, 0.0]
